0
131332323334113143431131341111342142234413132233112213443112123433331311131344311341131331113223434311342121313411111312144233323414121342144432233323423334211132132321212144314113313212311123234233332134111441442321423321323323423341111433121131133333122
111111321442134441143422323441424113222444423444322342342323334444141442142444134422224343242122344224234332223224332322333222333322244413223414441132423322332212332322222234211144144411112141323222243322224111221322211221122221143222244424221333234342323
232222342143331131423422333111414441213331334441311114344133421422342112112433421343432333213331111412122414142322333333333333332222232333333333222322222114421333143423333114421314331311121142342241112322142131244241342444244341444444441122144414144442313
411222312111314222343344232314334212313334344113114414231232132334433111111323414323442223114221424344422211332342213223312214142341131431223311423441223413313411224133123213433434234142142323334213411344442213343411311121333121143413321211333442231343414
113231142333342332333132212311341342313113311113313234411142113334121313323131342312122331111113313333133411123441111111111133411112121333314112341111214333413234231111131114343133322122123332132233234213434421211121323131311112314343233312234112311311113
413112422224241441314341444331333333313333333333332234343312342131114243112143413323321312341224111324133312143433111111121414331133222222222231423113244221441411343441114333313333341112423333111333222213313332112134132311122121311141212233311413213443344
122324142234441113423224342324442224434411241441421422234242313222342423432222124212342241421341414432222232342321242112132442132411334222412411241441121213334232234212323214341343434114233214432221442333444311143222322111241143211341112123322223224142441
342232332332134111112313411441444411434223234414244232224444224443223422222442223442414421424424341222223343232122344222242122424442122423222223232342322332222333322244314223124441324233221233232223322214144244322111214432212124422111112121421124112222114
444343334234243312241131444242112142413323324242241224114424123244431133211122122434331113142141313131331333333333223142344324421144111124344113123331331121433111133331222434123221121341213111321343121414111131133312111131333322314214113244111131344331141
212432244432323422442414431224331214443444112441144321233443212433344332333211131124232342414412443444423332333334234343312341131434343112143413323321312344424111124123244431133211121422234331413132444333333323142341324421144241134344113433334433333411121
211441441111434224233233211411111322144412444112342222344142442322243442244432234222232422244424144214244234142222432421223442122423243223224242222332222332322244414233121441122423322122223232322224214423442111421421222224322224311141322221122112222114322
111111221111222144412134113242222344142243223422223242224421414421421442341222212242122344421224241424232244441123242444112223332232232322232222124442414211142142122224342322222241121222322421122222344322231142422122222442244212324213222242444441344142442
131134143113143413323321212341224111124423321431133211121141434231133333333333332231423413244211441411343441134333313333341112133311333333332222113313322112124134211132121313141141113142331111131333322344214113244111124344331144324413421131134141231121321
223234333312341131434214143143413323321212341224111241233144311332111311214343311421333333222223142341324424144141134344113433331333341112133311413333241243313322112132134311134124343141111123113331111111111131333222313214113334111121344331141321423421131
131134213113143213322321312341222111112412331443113322112112123432111214343333133334333333333333332231423413244211441411242441131333343333431112133311111333222243313322112434134311432134314141111113113311111111112233332241421411324411113134433311411413214
144342214414000000000000000000000000000000000000000000000000000000000000000000000000000000000000000000000000000000000000000000000000000000000000000000000000000000000000000000000000000000000000000000000000000000000000000000000000000000000000000000000000000
221423114233334233233313221331134134332311311111331323441113212333412134332311134231312233111111441331343441112311111111111111111141112121333313112344111214333412234231111111222334312332212212334213323323421343442121143432343131111231432323331223431231131
424222423424442142242433232142214241143222244411144213222242434324434444244214142444212431444234224422442414434224331244443444142441144324233443213433344332333211131124232242414414143444433333334234343312341131434213113143413323321312341224111124123314431
144141112111321141112422111334414313134313134331112333414333133133143142111314412112233223332112343431141132342343111111111311332112324344333214143311433343331332232341314423422111314132213232211333334333211433314222222311434431421414113133344444332233333
113423423221241111113132344111321233341243433231113423131223211111113133134344111411114113111121114111112114111113121333311112344111214333113234231111112113342133322122123332432233231213434421211434323431311112311313233312234312311311113323231333342333111
144422442433332122214311143222144111234214242244343244343244244412142442124412442122244124424443122422121444344411244414132123314321343334242233321113113423234241441311213143444433331333323333331113342343433122411341342131134434333233213123412341111241233
423323331322123113412433231133111133132344111321133341213433231113423121223311111133133131334111344111111313341111212133331311234411121433341323423111111122233431333221221233321322322342334314212314333231313111123113432333122343123113111133233333334233311
113232311331111331323441113211333412134332311134231212233111111341331343341114341111411111411113311112121333344112344211214333433234231111311113111112112112112112112112111112212112123343133221122323332134233333213434421211134323131311112314343234312234313
141441111412111334314221411312323332321433223211422111423411432113333314144414113111133144111221211133441431212133343433111233341433313312314344211131441211223322333211321423434311411323123431111332221433321423113223233143332111433114333433313322133441141
442341444423422144423232233423444411344232344142333223221421443411121232233341334321234212144221344333442213331423214442344111331114121113133113114321311231234214411131211223311423413433112323211442333114234214333232342313233441132134411344323442344411444
123131141114111111131113323143234113433333322221413223214422111433411433213333114111414113111133114111221211133411431313131342133111213341433323312314341211131441211223332333211221423344313111333423431114332321333221123413223113443332114433111333131313342
422142222424444431423414441434242442142214214441424143224224224334444244232334423422142444121242434322224244414442142412423222312132232223441111142223423423423444412423344443344333433333124442121441413423221343223344232222344143331131423422333111414441213
111343232333323141133332331311414112223121113142233433412333133342123133323441131144142312321323344331111143234143234412332142214343144221413323422132233122111423411314312233114334442334133134112241331232134334344341421422233342134113141422133434113111214
411224312242332332111311132214441244311331222234423244232244442221424234222232422244444144214244423442222243242122344224242122424442122423242223424242422332222244414233324441124423442222323220000000000000000000000000000000000000000000000000000000000000000
244342223221431124242242244441143433334434443333321333433344333333234232343312241431124212443143413323321312241224111124124314431133211124121434331112423433333313332314234132442114412113434413333333333311121333111133332222133133221121341243111321243431111
314313233212234212311311113313333334233311132131144232133331234234323111214122131111144111141311133231422141131132333222143322321412211143341143311333331411441411311113314411122121113312143131223134323311133234113331331231434421113144121142332233321132142
333333333333333344333322222243433122411111342131431434133233213121412241114141334431133211121121434331133333322222231423413314211441414311441134333313332341113131321112333222232313322112134134311142124122141111134133331111131333322314114113244111421344331
111112122234313332212212333213223323421213442121143432213131111231434323331223431231131413332333333333333333333333333333233331111131144333300000000000000000000000000000000000000000000000000000000000000000000423223214422111433411433113333314114414143111133
241442123414124142314411344414432323344314343324433233321413112422234221411414343432433343333433443331313333233112333333333333322343433423411311342232121434133233242133412241111121233214331133211421421431331333333322223232312224132442114111113434411343333
242142224234422424421224232214443441114441144321233444212433344233322211311242243444144121434444333333423434231224113143421241314341332332121234122411112412332442113321112214143433111312113333333231423413244211141411343241133333411121213111133332222133133
241443122443124441344111244114432424333443322332141311242323444144121131433334434434333331333313333133331333333113333343333234234343312341131124213113123414323321212344224111124123314421134211121111434331213133313332333333333223142341324421144141134344113
313313313313343433332343114342232133333222332131324212441211212224121131333223323233333112332443222211123233432233331131114114411212214332324131331214233244141221441234214231234131313214341412334331114414441434344222311113312233423231112232334414412342444
342431234334332442143442343413411131342332223413233222332423221212221222222133233112111214221414141114421111144142144443432214141433131322343323113213142212121143223333333133321133113331333342233313411223414141234123342333211141442341213332123213234114414
434244121224244343411221244242341434242141244442414414441414414224322224444341141242342444144423234232321432214244344444234242441141242442143442322414322144423422222421424444142423422432443433124422123224442343244414441414142442422421432414421433232444124
143132333122343123113111133133333334233311132131144232133331234234323111214122131111114411114134113323142214113123234322214332232144221114334114332133333141141121131111331441112212111334414313134313434331112333414333133123143442111313412112233223332113214
344212114343231313111123143132333122343133113411133323333334233311132131144232233312342343131114141211311111144111144311133332221433223214422111433311211433331411241411311113314411122121113344143131343134343311123334143431331231434424113144121122332233331
133313131333133313331333332244144144144443141344133331141322443343113334243242323231324331131242121312343114232142324313141113212442423112432432441211242333421121141214442000000000000000000000000000000000000000000000000000000000000000000000000000000000000
414411124343243333321341211132244441244411234222334444244222234444214423231422223232224444214421424142244223224214212234422423212242444242242324322322424222233211332232332322244442331344111214233221233222322224221114241212222212422121111111222432221222211
